$ANSIBLE_VAULT;1.1;AES256
38393535356237356236666265336332666630366532623164633962623462313535396133663336
6237326362303634303739396637636639333233623330360a613161376132373130316538313439
39366532326262653963353135393263646139363763376163653334613032633362646438396665
6536396532313531360a363061343136346262656436646663633034613437343431306361373162
64386331373834386132656339306435646566316664623936336436643761646137663066343833
31646632396363613331666536633063663064333465626265616233643934396231323838373035
33373534656632353438393961646337303837343561623933373061396265303661383731646131
36303065666335333366313065333031636166626536646436323033376262386433333465366536
34393363383135396139346463356430363337346261643535336136613831633839353565616539
31323135363332316132636335323736323730653063316364363761396434323837373862653664
30356635663866623338613431386430653131666634346631313838666466646336646630393330
38636135303339316537666463656362633930353466383931396432623131336463333033346337
30343361396135306230663565653833386461373562393734633962396532623832613535663138
36646439356632616663343364313431363436616261356366613464646134376662313634306661
65363137383536383161316432633139323030356539633236666631306461643161303361323162
31636162343739366339356239613661343366323636336264643165623733363039353939383565
34363963326637313532353030653465393431633763353334623034636130613133623334386330
38643630613466383731343538623636303733656662386530373736363331396636326466656639
34306439393733346562623437386239646131666237333131363662653661363862663661316233
33383434613663333666623834613431336237343861666239643734633238303166393033393835
66376263363532633939343637646137646231303663323164323131313037653436303839343532
65613133313534386535663134666563306539306663373162366234613736623661663132356162
66393438633838393431346132633363303964323365333636366262373965386433346637613833
35373231383961343334653135303862363661613239626231326261306663376163393462613761
3535
